[49, 64, 79, 94, 109, 112,127, 130, 148, 166, 201, 283, 338, 388, 145, 163, 198,232, 280, 335, 385] 

[[[8.9, 9.28], [9.31, 9.57], [9.6,9.69], [9.71,9.92], [9.97,10.1], [31,31.41],[31.44, 31.97],[33.06,34.3],[36.1, 36.49], [36.51, 37.6]]
,[[25.78,26.18],[26.22, 27.3],[29.96,30.74],[30.9,31.56],[32.56,33.16],[33.195,33.47],[33.5, 34.24],[36.38,36.67], [36.7, 37.3]]
,[[35.54,37.06]]
,[[27.3,27.8],[31.7,32.34],[36.2,37.06], [37.09, 37.48]]
,[[13.92,14.61], [14.67, 16.28],[22.8,23.8],[25,25.47],[25.49, 26.23],[26.73,27.8],[28.97,29.7],[29.74,30.52],[31.39,32.4],[33.84,35.33],[36.29,37.5],[38.2,38.86],[38.92,40]]
,[[19.22, 20.17],[31.7,32.7],[32.78, 33.56],[34.5,35.3],[36.63,37.1],[37.2,37.4]]
,[[6.68,8.17], [8.83,9.94],[11.22,11.82],[14.3,15.2],[15.5,16.34],[19.13,20.97],[22.45,23.1],[23.39,24.53],[24.69,25.65],[29.6,31.63],[32.29,32.93],[34.74,37.25],[37.9, 38.7]]
,[[19.1, 19.92],[19.94, 20.7],[24.75,26.33],[30, 30.895], [30.9105, 33.06],[36.53,37.47]]
,[[19.8,20.17],[20.19, 20.8],[24.2812, 24.39], [24.41, 24.78],[24.8, 25.27], [25.3, 25.6],[36.6,37.47],[39.6,40]]
,[[27.9,28.21], [28.24, 28.78],[35.7,36.3],[36.32, 36.7]]
,[[31.09,31.55],[32.04,32.38],[32.61,33.66],[33.87, 34.468], [34.6844, 35,596],[35.72, 35.9],[36.5,37.18], [37.2, 37.33]]
,[[6.55,6.94],[7.1,7.4],[10.05,11.19], [14.97,16.45],[16.51,16.95],[19.52,20.87],[23.14,23.93],[23.96, 24.28],[24.72,25.49],[26.87,27.66],[28.91,31.11],[31.15,32.38],[33.25,35.26],[35.56,35.93],[36.03,37.18],[39.65,40]]
,[[10.31,10.95],[11.63,12.07],[12.09, 12.26],[13.37,14.24],[19.1,20.89],[25.41,29.55],[29.81,31.61],[31.64,32.55],[32.7,33.18],[33.67,35],[35.23,35.97],[35.99,36.16],[36.18,36.9],[39.53,40]]
,[[7.78,9.22],[13.57,14.45],[19.5,20.5],[22.43,23.17],[23.92,26.48],[26.651, 28.13],[28.18, 28.6],[28.93, 30.49],[30.55, 32.14],[33.07, 34.06],[34.14, 34.57],[34.58, 34.75],[34.791, 35.67],[35.686, 35.76],[36.7,37.5],[39.65,40]]
,[[26.52,28.2],[30.35,31],[31.4,32.79],[34.65,35.76],[35.78, 36.11],[36.15, 36.61],[36.64,37.16],[37.19,37.7],[38.32, 39.17], [39.19, 40]]
,[[13.81, 14.46],[21.63,22.93],[22.96, 23.6],[25.31,26.36],[26.94,27.75],[28.44,29.17],[29.2, 30.55],[31.76,32.65],[32.732,32.94],[33.43,34.288],[34.36, 34.68],[35.19,37.45],[38.7,40]]
,[[14.83,15.54],[15.56, 15.86],[16.86,17.69],[17.72,18],[23,24.73],[26.07,26.78],[27.46,28],[28.05,28.24],[28.32,28.9],[28.92,29.87],[31.15,32.3],[34.18,35.31],[35.33, 35.53],[35.84,37.6],[37.86,39.43],[39.62,40]]
,[[10.28,11.62],[15.97,17.75],[17.78,18.28],[18.3, 18.62],[21.72,23.14],[23.38, 25.4],[28.2,29.67],[30.15,31.11],[32.02,33.75],[34.84,36.72],[36.75,37.52],[38.01,40]]
,[[11.91,13.41],[16.46,17.44],[17.475,18.28],[21.93,23.14],[25.8, 27.45],[27.47,27.75],[28.6,30.36],[31.5,32.9],[33.51,34.06],[34.21, 37.17],[37.19, 39.54],[39.58, 39.83],[39.86,40]]
,[[10.97,11.694],[11.715,12.5],[14.96,15.604],[15.61, 15.74],[15.78,17.12],[19.02, 20.84],[20.86, 21],[22.03,23.66],[23.68,24.6],[24.62,24.74],[25.2,26.36],[28.2, 31.02],[31.05, 32.33],[32.35,32.735],[32.787, 35.15],[35.26,37.33],[37.36, 38.64],[38.68,39.9]]
,[[11.36,11.619],[11.63,12.87],[12.91, 13.09],[15.16,15.61],[15.63,16.33],[16.87,17.49],[17.51,18.2],[18.39, 19.11],[19.15,19.68],[19.71,19.95],[21,21.88],[21.92,22.92],[22.96,23.08],[23.11,23.98],[24.07,24.27],[24.3, 24.5],[25.68,27.4],[27.67,28.32],[28.43,29.74],[29.77, 29.91],[29.94,31.51],[31.54,31.65],[31.68,31.83],[31.8413,32.51],[32.66,33.76],[33.8,34.17],[34.56,37.04],[37.08, 38.31],[38.35,38.49],[38.52,40]]]

